462
2123
2594
41
2704
998
1085
680
880
1924
2383
2699
885
1403
2129
724
2100
462
1860
755
2153
2359
1154
2904
1906
1025
286
2084
286
1776
415
1806
750
2575
1510
2460
1658
455
1390
739
1529
406
1930
1085
538
1634
1792
1510
1705
464
1294
541
1846
1766
8
2792
2205
545
984
1066
94
1280
1292
2711
1986
2756
2458
1978
989
384
2611
1054
1471
89
2435
1047
644
2161
828
1977
944
1810
2712
1294
1975
2467
53
2423
2071
954
972
567
2499
745
2220
1946
1031
41
403
81
1488
1924
2216
800
2148
58
2619
2614
681
225
956
1841
1905
2287
2470
2096
2259
335
1221
197
2822
749
2508
2117
2369
1858
1135
283
967
2954
2767
184
2561
1868
1911
910
2955
2979
849
2872
2404
2829
2083
2127
2132
903
510
1599
1423
426
1146
2337
41
397
385
128
2803
1894
2123
2641
1937
3
2783
1349
1631
1249
1029
2272
2448
957
656
984
1009
509
886
1176
303
560
534
879
2216
1117
2646
715
201
1127
239
2945
2175
747
1444
1249
2473
702
932
1452
477
2455
2801
712
1016
1729
66
2172
962
762
699
2994
680
479
1886
2253
1932
459
1592
712
1030
1763
2126
593
2169
1982
10
1843
1699
908
1520
259
53
433
2731
1694
2236
1477
1054
287
2665
2644
617
273
535
1120
2781
2892
1058
2212
1632
125
317
2223
2688
1390
2103
1023
2852
317
2854
2343
2886
2714
1056
1357
1008
825
365
2532
1524
104
1013
1830
379
1171
1700
2358
1527
1296
1187
647
2426
1945
2286
2643
1029
2217
262
72
894
2682
871
528
2600
2744
2920
2032
2863
1468
2244
1845
1546
1953
2612
1106
2771
979
20
2963
1590
841
1151
2494
1667
1966
386
1697
1845
2283
305
1097
2866
398
443
2955
510
1431
734
1072
1649
1693
2049
199
537
2178
1889
230
1498
1382
2081
1167
1448
2445
1514
1156
2896
2472
2102
2623
2240
2834
2210
166
1520
2439
1681
2781
122
2630
2859
498
613
1283
2931
1497
1466
198
2913
332
647
1638
1161
822
283
568
582
2012
1884
299
1181
1599
1540
1647
2348
763
1880
2213
2745
1880
1182
2613
794
1751
2273
446
278
1156
1515
2438
74
587
852
1453
2109
1579
238
365
2577
1599
2026
1670
315
2472
1029
2083
1264
2595
1091
1050
453
676
639
2530
1674
2372
2703
2982
501
1633
1503
820
1622
2705
2853
2742
1326
2627
920
857
1108
1214
2156
1430
2650
2848
2962
2894
2528
195
1004
238
508
2330
2196
1295
1832
2078
162
805
2255
1860
432
2729
169
2526
1288
1720
98
2815
2315
1896
429
1094
1367
841
2387
974
1993
1156
922
2727
1161
1008
1233
2999
1445
1701
1882
863
651
2235
745
629
392
331
477
2244
1289
2867
158
450
781
440
2387
1839
744
1104
568
2170
1653
404
2842
2496
2813
2773
2271
1160
2283
1
1038
1935
2403
100
1485
103
49
1506
265
1474
2702
2423
1356
1484
328
1679
2911
857
2535
2168
1964
141
2025
1952
2085
291
2563
574
94
2705
1026
904
798
2614
824
2750
2541
1158
626
1030
56
1450
2648
411
2420
618
1818
1942
592
2085
441
1376
2794
2060
2348
768
98
9
906
139
1494
613
900
1176
2768
2789
1370
2807
1759
835
1585
2666
349
518
2773
1825
406
2674
1056
2438
1728
720
100
782
1150
2226
2965
2002
1824
621
1784
1534
1274
363
2098
1205
2021
1726
1579
14
249
1207
185
417
2428
2315
2627
1172
1301
320
2962
857
854
2437
312
22
1526
2845
1011
796
104
2594
2319
1889
2525
1180
2444
582
2671
564
1424
392
526
2278
968
2691
604
719
1261
457
15
756
1739
1151
2371
2603
663
1078
1528
4
2517
648
1594
2042
268
2892
67
975
2570
808
2985
62
2055
371
2923
1323
2806
358
2487
2146
1288
2109
1446
2788
500
2232
1191
2841
2746
724
2149
907
2770
1743
416
2682
654
2895
1380
2998
2451
2219
2949
2377
2973
388
1542
1575
2418
898
1495
2983
2736
2124
1353
1850
1786
394
2369
136
1659
1401
1116
1653
2062
2945
359
885
2266
1529
2551
2832
2261
2282
1067
2177
624
2853
1915
940
1415
1614
443
1916
1614
2766
1773
150
2793
2673
79
1272
580
1629
142
1280
711
2134
1097
2299
736
132
2199
2422
2040
1151
1294
1414
15
359
2460
1034
2149
1598
1489
437
1568
929
1895
2058
1270
31
2233
580
2156
978
2478
1981
590
2696
65
2792
2436
63
2568
1428
1248
1988
803
2179
1444
2798
2161
2826
969
1987
657
2652
2215
828
796
945
1027
188
1984
1220
2343
1486
771
179
2009
1816
1839
662
1713
139
1443
1458
1394
110
1971
617
1232
2475
624
2170
2299
1716
2955
2052
1363
459
517
1257
1125
1772
1561
425
746
1093
2680
1425
142
2361
518
525
1578
685
1282
1539
135
2611
754
936
2819
1244
2823
1580
114
1650
611
659
889
943
2995
442
2466
2595
1569
2772
1700
1796
1368
2950
1080
397
1608
1749
2897
2305
1714
1430
597
509
2288
2190
1484
424
1402
430
2139
2841
374
219
1750
573
2579
2300
769
1118
1799
2285
408
2462
2066
583
1702
215
405
2413
1123
2523
2898
1636
403
467
2828
2032
1608
1605
81
1426
1500
1482
1011
338
1618
1921
2824
624
1499
2668
2866
234
1275
2788
1263
1635
2929
2981
599
2117
769
1272
2715
602
1486
2963
295
309
1386
248
2710
1495
1905
1503
2496
667
1267
1041
1830
628
1095
1800
2689
2054
2823
2410
1094
1175
1365
2363
775
2881
373
1898
251
1662
2986
898
2029
627
2214
1286
1915
1082
171
2765
1157
1646
2058
1340
1039
433
1204
652
1697
2191
1386
907
2492
464
2367
961
2751
1756
276
455
161
91
842
195
1734
1215
547
1296
2896
1942
1638
536
719
1084
1825
2245
2328
2238
1711
159
531
2402
150
1455
625
131
1783
2911
838
1141
2413
1699
194
2304
2934
2913
370
1947
2294
1713
1549
1620
2563
2967
1191
2043
2287
1471
1454
744
1585
1334
256
2715
2306
1998
2953
977
1710
1073
2163
2389
1049
2057
2447
2735
343
1694
299
496
1308
2402
1260
2954
1121
1205
1332
2970
2026
2492
277
323
1312
2987
1059
971
2855
1315
1592
1045
1937
2706
1425
2183
791
1944
426
2994
1328
342
2410
1974
1281
2608
369
1907
1437
2665
608
2732
2576
747
1516
2795
746
1877
825
592
1067
1028
2492
1901
578
1288
1470
1233
2452
881
1005
1612
2194
811
2416
2626
2140
24
627
2409
36
2544
844
889
321
2992
2455
1946
2633
2958
1145
2953
604
2774
126
558
519
1970
253
1397
837
2331
502
2157
38
1653
153
1854
669
344
121
2871
244
482
650
2094
2426
1273
2811
209
989
896
859
1758
733
2730
2736
799
76
1962
2724
1992
2478
1559
257
1136
2279
1417
177
2219
2929
1456
2717
566
1376
228
65
2401
844
2896
211
2221
2490
2341
12
2944
1051
2466
661
847
2406
159
1999
1619
2347
994
1717
1362
2568
564
1766
627
1440
2147
984
1050
1742
2640
1208
2613
1237
2969
2772
2469
474
1283
1488
1392
2910
2450
976
1422
821
1878
1479
1246
1061
681
2903
2416
2288
356
1059
1348
926
1385
1454
1742
2112
1992
2263
1332
2145
2956
151
1601
151
32
2660
2078
2466
2406
653
1520
2405
2419
2069
1480
1194
491
151
2174
2842
1510
2440
1305
2168
1688
1315
158
1299
214
2615
2382
2744
2434
2836
2820
1702
2122
892
867
2126
505
949
349
861
2224
2970
2565
1090
2489
2187
2990
1027
2574
2043
2133
1003
1702
2038
397
1690
2885
1542
957
227
2998
2253
2025
789
1503
881
2251
553
969
1146
1947
2357
233
930
2002
1442
2750
2008
367
3000
2693
513
2139
38
838
1376
1111
2374
1072
2000
1807
1388
687
60
2122
839
339
2800
1536
2197
1859
1690
896
2958
780
457
242
1102
724
599
1963
1729
2564
2959
659
1332
2665
2877
607
1065
2314
1026
1401
1958
321
1697
381
1795
1898
2092
376
1638
2624
154
1960
2326
1538
603
1687
2816
1074
2199
1688
700
675
2805
407
920
2949
2311
1529
87
681
541
2519
2028
842
528
2710
724
584
2759
1477
2281
809
849
2554
484
1027
617
211
176
1038
577
2603
2974
766
215
52
1093
341
2076
1480
2373
2060
818
1956
1503
2314
1710
565
1303
2298
2131
882
1072
1180
1894
2843
2293
1577
71
2749
2751
1293
2955
349
1218
1357
2791
431
2624
1133
716
970
1269
783
415
554
2082
1351
2797
748
495
1219
1022
1649
749
1926
2111
412
836
2142
1893
690
474
675
741
1981
2020
1259
1161
625
1669
2805
672
1255
866
1549
1836
773
1723
1276
178
1822
2334
1322
2176
1316
565
1748
1035
336
2732
911
382
1838
604
2982
2439
1660
800
2553
478
2439
2565
1700
639
1362
204
1063
1549
1606
2753
2917
2245
597
1895
1426
2788
1398
432
1371
2913
1988
2664
1882
2560
1310
2277
15
1634
2063
2855
2042
2494
1580
2028
950
2966
956
2704
2035
277
1439
1596
397
1720
561
1884
452
2076
226
1534
1664
2974
1204
455
2509
1222
586
2540
2849
2259
2640
751
1111
2054
1134
1315
1337
2984
1478
564
2929
1346
1647
1306
1765
419
1750
866
2591
1342
1211
1466
1989
1349
2151
1673
2407
2203
2656
681
715
641
155
1068
2843
1582
1520
2868
29
836
1007
1245
80
2606
1724
2845
2817
1387
1805
1843
2416
1123
2064
81
2880
1862
1992
658
1211
1995
1808
2468
17
1448
449
2357
1726
2496
764
663
2660
2286
2386
2206
1436
1257
1639
2756
41
778
1887
2303
158
1621
2283
2684
1277
1777
2000
1716
911
2213
1275
1034
1151
1708
2861
2785
2560
2437
2978
1227
1792
1340
1747
1933
492
112
2767
777
2493
1718
1653
1247
2375
1771
250
1863
346
1313
2182
2264
250
2068
1458
698
991
490
1045
588
637
582
2062
2968
2092
2591
1516
553
1190
1406
1688
2865
65
1776
1620
281
2317
1127
975
2329
1007
375
1823
1278
2316
2456
419
2775
1295
2574
2367
711
987
2604
1497
2857
611
1941
2189
1041
2682
2498
2807
1036
1051
555
1058
2900
2496
1148
1219
2173
2146
2350
2087
2557
2862
637
696
1338
391
989
2419
1825
650
2281
2517
1989
1498
469
1610
676
1022
1422
2470
390
576
2228
2897
2226
401
832
198
2844
211
2668
1510
2954
146
1895
495
604
2754
652
749
2023
1826
2843
1932
834
618
525
2370
1554
185
199
1269
237
268
1674
1458
1918
1857
117
2460
1644
2001
2665
1619
1457
1350
2048
684
1558
1547
2314
1116
1497
703
2489
716
626
2339
1175
52
2785
1384
2510
2330
2867
2031
1507
2286
2668
1174
185
1040
95
296
1839
971
131
215
2819
482
564
1294
521
1653
885
56
1312
1819
1789
515
1993
506
2413
2565
1977
2000
1145
478
2971
85
412
137
2954
2506
734
2356
1127
1209
2602
469
961
945
526
2103
2913
2420
831
2940
2713
1169
1903
2906
125
2055
843
2339
388
42
549
450
1912
253
2419
715
2238
2970
1918
1273
2278
2145
2883
780
1362
2179
2944
1195
1708
2216
2125
2780
2162
266
1712
653
1201
1950
265
2516
2479
1845
1929
2930
2102
1587
2878
1520
2466
522
1474
846
2854
2001
82
1325
1843
2203
2771
1602
2808
2857
2867
2429
1533
1434
2676
1817
2557
1985
2359
1867
464
1525
2619
972
2106
623
2439
1386
2055
1320
672
1282
898
1464
2708
879
2781
1519
2547
746
285
2007
139
438
1050
1856
1878
1242
1881
736
1391
478
262
2456
2570
1317
637
1530
538
1687
2465
905
1865
375
2286
598
894
1540
2908
1625
2689
1132
2968
2309
1505
725
902
1953
413
1251
314
2711
1459
665
1311
1804
1012
1259
2740
1927
2926
2929
2316
2992
1474
493
2019
73
970
207
1510
2355
1696
1310
492
854
1077
2579
523
853
900
2052
864
2068
1803
352
1502
612
668
1844
1238
838
1286
1195
314
1388
2256
466
962
1094
2660
1983
1758
2950
395
2120
2458
471
184
2602
2798
2726
87
2917
2446
2800
621
1797
995
41
1681
2018
95
524
12
868
2568
2721
108
191
2174
1511
924
598
836
1659
1098
1045
286
1752
1823
2878
58
2639
1323
1103
1845
2222
939
1448
1369
2562
1743
2359
2937
1467
1844
889
114
1098
396
1913
930
914
1473
1657
800
1752
2161
2958
965
607
1074
132
82
1296
1519
404
445
2772
1617
1412
978
2198
2679
1505
802
587
697
1533
276
1169
2550
1259
2232
252
2395
2860
2587
1763
1213
1982
2925
2892
1028
1717
1443
2500
1486
376
1581
517
338
547
2136
2898
8
2212
2233
2083
2999
1852
1447
564
2278
1425
1788
1189
2104
718
2439
2358
410
1063
227
819
66
2784
2482
2313
276
2619
574
1736
825
377
2024
174
2426
684
1308
1647
767
1142
1895
2427
473
115
2297
950
2946
2637
1271
2175
618
196
785
2422
942
2160
1463
1402
1252
588
2540
1483
357
2834
2699
684
1383
1057
2831
623
3000
2596
338
1425
1811
1187
1691
1999
1410
2487
841
2501
2883
2716
966
337
2306
88
309
1992
2090
1101
2909
1598
459
1696
1715
1720
2535
1726
491
2871
85
1694
2885
1017
12
375
1408
2283
2049
778
1809
2454
675
603
632
2375
794
1382
1333
2857
2287
733
2633
794
1629
2509
366
115
2900
606
2893
2668
1464
1180
2283
2293
2129
2669
2217
1369
788
2450
491
2557
1648
1197
2773
1506
2471
2838
2051
730
432
1119
1056
964
2638
378
2555
2726
785
773
2898
568
2844
605
856
1347
875
1211
554
1317
2593
240
613
1247
177
1372
2698
1646
1751
1135
779
625
1363
1496
2806
150
461
2847
76
873
351
493
989
1427
2061
881
527
130
868
2727
1896
313
68
1946
1453
831
358
1507
2731
112
1205
2256
1339
578
1254
731
2024
2140
1490
2868
2694
2821
1231
2442
228
1416
2550
1282
520
2752
2344
1201
930
2630
1689
1979
2393
1610
1261
2137
2181
2965
164
1509
1996
2465
835
1771
56
1804
1898
2078
2616
2380
1828
1977
693
1189
2774
531
2915
2672
1419
2899
905
842
2526
1740
1172
2866
2252
2782
2850
1072
2259
883
1849
541
2535
2110
878
2825
1517
558
1805
1906
461
2972
1949
2921
55
92
877
1806
1093
2308
1621
1124
1131
2315
2294
2973
2969
1107
2870
1231
2622
2789
2843
2136
2349
1827
2422
743
1483
2651
1920
31
354
1420
929
1231
98
2949
978
1328
1058
2939
1751
540
2697
1676
2297
1124
1035
2260
1948
220
470
1753
168
1398
471
2107
2818
1396
1907
2208
979
822
1668
422
2784
1732
2815
1710
688
2718
236
2681
2919
1357
1710
1939
1108
42
2955
826
270
1698
1804
464
1468
1270
397
341
2392
2492
10
562
1318
338
1119
493
1404
2336
1204
1550
949
823
1646
870
2429
1180
2629
15
2079
1157
1074
1354
1179
1110
2951
508
1374
2442
537
2027
445
616
907
2532
2081
1479
1597
1771
2950
2339
515
845
2909
2557
949
720
524
2691
1804
2723
305
2843
1383
1018
1063
1089
769
2519
862
2952
162
667
2211
1508
199
2142
707
2352
2790
531
2102
2178
671
780
174
1303
1139
2709
1420
112
1025
2199
1408
2120
1446
27
2
736
1817
1669
1191
2051
2687
863
2772
1323
2735
283
2006
1218
781
1344
1942
2668
2982
347
1533
542
1663
2034
789
1964
1052
1227
2213
1724
750
231
970
1289
2710
1874
2812
2252
2576
777
2186
1025
112
1154
936
991
1413
1165
271
2270
1000
306
1516
600
2826
2135
1338
1774
1944
2573
952
5
566
1
819
349
160
1633
488
882
661
2599
425
2073
248
1010
335
1864
131
1601
1543
496
1687
775
622
1228
2730
2048
857
2157
568
1285
1561
2584
2868
2976
2413
1402
2860
296
353
1101
294
951
356
2150
1430
1272
1436
1255
2603
1850
1689
2927
1631
2291
2295
2623
785
800
1071
805
2270
591
1298
1199
933
36
2227
1566
728
2854
2315
1676
1927
125
826
719
1290
80
1128
2397
99
163
1287
1026
561
307
683
1756
992
532
1579
2898
2135
2351
1046
2726
1444
692
2953
421
1997
1174
1986
2534
1227
1542
145
2816
923
2981
547
2750
2307
1103
2618
2704
1492
212
1397
419
1645
2397
201
1115
2511
2434
196
2209
2313
2602
1386
2129
250
557
1693
1273
2517
2448
2673
1508
627
923
1620
710
1118
2335
710
1603
824
2712
129
2615
768
2413
630
2709
1934
1714
369
1883
543
1811
2109
1676
1088
870
1221
1032
1050
1115
2059
1672
2518
2297
1619
1173
2362
1708
2861
2624
2404
1665
123
2697
2156
2238
1532
620
495
2423
1050
2983
91
1659
2257
1079
1012
697
2960
1300
376
1572
1792
311
630
2424
2764
2806
2477
1488
844
2532
2253
263
965
1425
1655
2724
